0.000000000000000000e+00,1.217287368037235225e+06,5.787313996801975882e+05,3.324533352236500941e+05,1.573504751765183464e+05,2.398243714111268491e+04,1.222412229388148080e+04,3.498391906177403598e+03,1.511453877551014330e+03,3.511020037807185759e+02,9.213684773301793030e+04,3.373454267326475237e+05,1.624841597796141173e+02,2.054419296734275520e+02,2.472679597701149419e+02,6.269250891795483085e+02,2.834555320330910945e+03,2.742001227613496212e+03,2.723436708805198577e+03,8.906369000301496044e+02,3.885712868480734414e+02,1.172710406476642575e+01,7.634755463059318181e+00,2.767868441358018572e+02,2.031627300998259670e+03,5.003275353006139881e+02,9.466709183673469852e+01,7.079201673193309716e+02,2.193722485217997473e+02,4.794823421669379968e+03,9.303325161361943174e+03,3.356416866899434808e+03,5.298660135875518608e+04,3.151008843315979675e+02,1.936686622312768668e+04,2.607161449326196816e+03,1.479856036907366160e+03,2.475966245632891116e+02,3.307848418508042414e+02,1.382995538780623174e+05,5.740952850493822189e+04,5.140474263971520122e+05,1.445953848293964693e+05,1.252356007372935892e+04,4.307895998491386308e+03,1.654596863169284120e+02,1.533863888888886606e+02,2.486145328719722514e+01,1.290000000000000000e+02,2.805917159763313151e+01,1.521745537476424772e+02,3.801652892561984132e-01,9.876543209876545437e-02,5.796875000000000000e+00,2.151446280991735094e+01,3.028171745152354219e+02,1.292297993196217760e+02,1.386748834278515460e+03,8.757481576806810608e+01,2.000000000000000000e+00,5.299722991689750273e+01,5.080991735537190124e+01,8.288888888888887152e+01,9.492792150088434937e+02,3.307376561570497842e+01,5.802469135802470035e+00,1.488888888888889106e+01,4.440000000000000391e+00,3.772159999999999513e+01,2.151059167275385064e+01,9.561632653061221276e+01,6.441006494082854260e+03,1.514264816326530365e+02,2.403828824582900268e+02,5.988839506172844551e+01,3.897599999999999731e+00,2.663888888888888573e+01,2.147372528616022436e+01
1.217287368037235225e+06,0.000000000000000000e+00,2.077864497059456480e+05,4.349644532989900908e+05,5.371842213041200012e+04,9.762842006152551039e+04,3.915200524491665419e+03,2.848251625906564186e+03,9.129124559500702389e+02,7.528371598639466811e+02,9.036896682296051586e+04,3.050296876504436950e+05,6.551608977825851809e+01,5.492032541322313932e+01,7.364121591351400866e+02,4.036455111111108636e+02,7.341299091255050371e+02,6.227120326507087157e+03,3.073741813759983870e+03,2.628855140186915946e+02,3.951746401724840325e+02,1.053011593929682022e+01,1.968845663265306456e+01,2.180240461260497682e+02,1.482594797449547741e+03,1.643965152115147532e+02,6.642722117202266929e+01,4.197245638200180906e+02,2.294540816326529296e+02,9.100510932447083178e+03,9.518952127112361268e+03,1.244596445029625283e+04,2.440850133918462961e+05,4.660199478468617599e+03,8.298747169259993825e+04,4.652135161240571506e+03,2.915994112573251186e+03,3.145913307471756752e+02,3.768963724178742609e+02,1.099958724075701321e+05,7.199300452694209525e+04,1.067059425409176183e+05,1.577129387400977430e+05,6.918162558870110388e+02,1.323582000928005255e+04,1.853625252165655297e+02,8.452696689213237846e+01,4.997297297297297547e+01,3.155102040816325726e+01,1.189410150891631730e+02,4.635001137935256565e+02,5.654320987654320341e+00,3.142857142857142794e+00,1.131666666666666643e+01,2.724305555555557490e+01,7.776731094013889845e+01,6.402257584555079575e+02,1.310614230675184444e+03,2.493131422390477070e+01,2.500000000000000000e-01,1.159228650137741745e+01,1.849691358024690757e+01,3.882653061224489388e+00,5.431898037826401833e+02,4.813173284087417159e+01,5.714285714285714413e+00,8.888888888888889506e-01,6.537396121883655153e-01,1.001800554016620453e+02,3.348024724536411867e+00,1.111873767258382628e+02,1.093948848159090085e+04,4.211905024394818611e+02,8.147242911758449964e+02,1.613002191380570238e+01,1.639158163265306101e+01,4.440999999999998948e+01,1.429411764705882426e+01
5.787313996801975882e+05,2.077864497059456480e+05,0.000000000000000000e+00,1.435318650173292554e+05,7.166325392560845939e+05,3.104052538534585983e+04,3.248058870914647923e+04,7.854331461644395858e+03,1.028871809283754919e+04,5.912148793035215277e+01,5.000644681635882444e+04,1.272795691883286636e+05,1.654206117821277076e+02,8.827794214332662648e+01,9.739540467996455391e+02,3.601812394445486007e+03,1.374677521092553434e+04,1.717865704104769748e+03,1.049227689266204834e+04,8.158953392234969215e+03,2.452228761128713757e+02,1.465214015837690376e+01,6.539795918367349969e+00,2.041012400203842674e+02,7.910788767046444264e+03,2.408546849766669766e+03,8.550475328202805869e+00,1.819946231813111126e+02,1.432194375222500412e+03,3.410954572822595219e+04,2.305317452327770752e+03,8.676045654878809728e+03,1.731035969523810491e+04,1.120167376228515934e+02,2.674504054350210936e+03,2.588658988859514466e+03,4.539049645338573669e+02,4.893204526714886242e+02,6.734422899353644425e+02,9.043204019231475831e+04,2.086332892511116370e+04,1.030420033682808094e+07,1.215111768202217208e+05,3.192002183716045227e+06,4.136735846399985235e+02,1.469641306228378653e+03,2.585404262944848028e+02,1.989632677945434693e+02,4.810657439446367221e+02,8.472616024973991955e+01,1.446718120346969556e+02,8.782222222222220154e+00,3.501730103806227845e+00,2.161250000000000071e+01,5.412571428571427390e+01,6.768750000000000000e+01,4.854483959936127917e+02,9.467560309729971777e+03,2.618717900883940092e+04,1.577514792899408391e+01,5.459183673469388154e+00,8.888888888888888395e-01,4.683593750000000000e+00,1.445844776128475360e+03,4.611112333333338142e+02,2.952380952380952550e+00,2.920987654320987303e+01,4.779918367346940755e+01,7.651831285444228570e+01,5.236205621301773760e+01,6.338591135621556987e+02,8.122980383280520982e+03,1.626038781163434876e+01,1.932620657928720220e+02,1.693248952749875684e+02,1.213609467455620745e+02,6.913899405083820682e+01,3.827310460151097971e+01
3.324533352236500941e+05,4.349644532989900908e+05,1.435318650173292554e+05,0.000000000000000000e+00,1.183050014384802671e+04,4.992864508260664879e+05,3.065074479701409928e+03,2.703936303854859489e+03,1.879141686173376684e+03,1.081987603305784091e+02,5.658773832960246364e+04,2.256195003691455058e+05,4.511619840443976415e+01,8.962967687074824141e+01,4.843516622077982561e+02,6.103213957759407293e+01,1.124711493654230168e+02,7.609831959198500044e+02,3.876176535147392133e+04,1.881959299027749921e+03,4.486584751102713540e+02,3.508656238382567949e+01,2.871802469135804614e+01,1.033945115461150834e+02,3.280235249353139807e+04,1.500759445916263985e+03,7.092303002591063432e+01,3.637922180214245031e+02,1.190599555555554474e+02,2.039751377410467967e+03,6.664707534012752149e+03,4.663497458020890008e+03,6.856277150526997502e+03,2.082393272488622188e+03,1.573603765626817949e+04,9.680287085057191234e+02,2.568204943378575081e+03,1.345405026095349399e+02,3.083210056650459023e+02,2.561373572408004547e+05,2.860032599519607029e+05,6.147899162394381128e+05,1.397944452570656314e+06,3.102205279003002943e+03,2.771329905425935867e+05,4.255837754640107846e+02,6.063876381990070286e+02,2.003777514792897989e+02,8.040999999999999659e+01,1.249768874673848359e+03,1.973841695501728964e+03,1.250560000000000471e+01,6.294736842105263008e+01,4.956896919988039940e+01,7.984304399524370410e+01,6.865734441924912801e+01,1.023535456524896745e+03,1.028714785140501954e+04,1.030147614650663996e+02,0.000000000000000000e+00,1.037070131719471959e+02,1.450315924032139208e+02,1.104320987654321726e+02,1.637737717436008825e+04,1.414508348794062442e+02,9.632653061224488056e+00,5.972222222222221433e+00,5.963498263888889284e+01,7.971729125575279795e+01,3.763723634396971818e+01,4.531027739398443259e+02,2.992732725791710982e+04,9.141369483397361364e+02,1.067293895747600345e+03,6.840527343750000000e+01,5.623961218836566189e+00,7.762333333333332064e+01,2.449513985320376719e+02
1.573504751765183464e+05,5.371842213041200012e+04,7.166325392560845939e+05,1.183050014384802671e+04,0.000000000000000000e+00,7.824993170690363331e+04,1.074012344088115729e+06,2.121274996920119447e+05,7.788489455649582669e+04,4.282928193688932765e+02,5.650131345975727891e+04,3.190458871275397541e+04,3.903071403376180228e+02,6.877143071633425961e+02,2.761129967097038389e+04,5.287583164966014010e+04,1.432006570528501761e+05,1.618463112299651402e+04,5.344432818794957711e+02,1.976589510546901511e+04,4.667388888888884679e+01,5.635092186434374071e+02,7.914857326710789494e+02,1.090530454941195558e+03,3.776354034103255253e+04,3.537069633814298868e+04,5.016374325020056091e+01,2.396312545653751727e+02,1.473392446767766342e+04,4.843282460784348659e+05,8.364006940879489775e+03,2.107491286161433673e+05,1.340734308830466471e+05,6.314171593757879464e+02,3.957938643355164822e+04,1.014903174472790910e+06,4.674630578395370685e+04,3.651886851994518656e+04,4.183879918534971694e+02,8.704840573821877570e+02,2.287455904231986779e+02,1.571881340963847179e+05,5.359319772182974475e+02,5.855776526236699894e+06,4.368814167543340545e+02,1.452657433669822523e+06,3.577963633119998121e+04,1.211190476190475238e+03,2.095229030339084986e+01,3.213241364822034143e+02,9.740335169880619048e+01,1.087211162015826631e+03,1.343565759637187398e+02,2.523864385163138877e+02,4.908333333333333570e+01,3.274202469135802289e+02,1.993280526877894232e+01,1.567912532770610312e+02,7.393498239454790018e+04,1.741496598639456383e+00,2.253354671543972074e+02,2.550002687449610050e+02,1.812761593341260209e+02,4.634659622350777113e+02,1.902706864256248082e+04,7.561068678197187864e+01,9.633136094674556560e+00,2.329289940828401484e+01,2.296010822060353291e+02,9.580485448617311661e+00,7.084742602923520280e+02,2.149591234477722992e+02,1.719381688466111724e+00,7.909027055150887975e+01,2.719232947071820490e+03,6.652642917545803130e+02,8.054415562466193705e+02,9.700299870096763755e+00
2.398243714111268491e+04,9.762842006152551039e+04,3.104052538534585983e+04,4.992864508260664879e+05,7.824993170690363331e+04,0.000000000000000000e+00,2.886101690836782291e+04,2.032120469356173999e+04,1.026953824470124528e+04,8.679480027548220278e+02,1.352562118154473428e+05,5.010024541873891721e+05,4.472752417654860437e+03,7.058552866111210278e+03,5.068839300564842997e+05,3.643587128027674680e+03,1.207651836796286079e+04,1.435150217826987791e+05,2.179711145382125324e+04,4.819560117242688648e+03,4.989193196928476937e+02,1.102460631146584456e+04,2.466457620363495153e+03,8.857060007425558069e+03,3.251762354111482855e+05,1.129225614256248809e+04,4.805626964675797694e+02,8.684203190176458520e+02,6.748388840502562743e+03,9.798885109930043109e+04,1.871466093230573460e+04,1.291990625153656816e+06,8.531749293755738763e+05,1.335514510833045642e+05,4.783555987939119950e+04,1.400995716877755740e+03,1.304197006913579753e+04,8.847643214148428115e+02,7.418239187660122980e+02,3.215138941701372460e+04,5.675155047365970677e+04,1.555119771388326808e+04,1.343015393923969008e+06,2.547713448739012563e+02,5.824808248668616638e+06,3.195019355420966463e+02,5.576349345804483164e+02,4.591053700660432924e+02,9.092281470659848708e+00,1.725285426991799568e+03,1.954253864297599421e+03,1.961968618035451527e+03,1.081915743960745203e+03,1.104381167738996737e+04,2.112761376387698249e+02,1.313240758115971971e+02,1.806818614049067037e+03,3.127936774254971169e+03,1.558178784218171984e+02,1.011728395061728847e+01,7.003737770345795752e+02,1.741380439743352326e+02,1.596056524844407249e+02,7.616315499302836542e+04,5.098336598585522665e+02,3.359310783136790235e+01,7.986753902663008375e+01,1.947552843043059454e+02,5.017823411990239038e+02,2.508873305738164845e+02,5.720419664198896498e+03,3.639792365405091550e+04,5.767499902343749909e+02,3.225794270833333144e+02,7.631578947368421240e+00,3.269331000000000245e+02,1.481621742036089273e+01,4.015697680815687249e+02
1.222412229388148080e+04,3.915200524491665419e+03,3.248058870914647923e+04,3.065074479701409928e+03,1.074012344088115729e+06,2.886101690836782291e+04,0.000000000000000000e+00,1.413311447841785150e+06,2.871759242989548366e+05,5.695341863646623324e+02,3.044787461916342145e+05,7.317037461603253614e+05,1.925840601658957530e+04,1.269983358689868874e+04,3.013837570636097735e+04,3.068047939267463153e+04,5.691852924345803331e+04,3.641237628744539961e+03,5.395036224623429916e+03,1.351725854678308860e+04,2.747578972792985041e+02,3.660124928181566702e+03,3.304640744788012398e+03,4.416757523686593231e+03,2.756715212363493629e+04,7.278036517560726497e+04,6.734935691832286011e+02,2.796121542720852062e+02,1.077856450689161647e+04,3.193835847475160263e+05,7.009072614175051058e+03,1.481514681852748326e+05,4.774056627675909840e+04,1.758095706169908681e+02,1.027731677896877727e+03,1.321196500125810504e+06,1.717837606512933853e+05,4.983668241509580548e+04,9.229380178552440839e+02,5.765248888888884693e+01,1.907232199117833602e+02,2.734188768123224690e+03,4.045613477431662659e+02,1.818543039812987670e+06,3.107958740304508183e+02,1.090223794172124937e+07,1.679516940041072667e+06,2.165826614561872702e+04,8.140000553633230140e+01,6.266414809992294295e+02,4.289523564121726622e+02,1.374296484374999068e+02,6.757768379683028570e+01,3.255415588017744000e+01,2.907313609467454540e+01,1.333398754325259006e+03,5.445646295294756634e+00,2.921848495967061581e+02,4.701048768480568833e+04,7.557862360630525700e+01,5.363553547560703691e+02,4.497394537587881587e+02,2.758134157387179926e+02,1.041255859022894356e+03,3.839640955594869592e+04,2.042544931195551783e+02,1.236914600550963961e+01,4.445659722222222854e+01,1.917039455782310142e+02,1.346416666666667084e+01,2.653633691392074638e+02,2.210528539540811721e+02,7.719135802469135221e+00,1.043307555026769862e+01,1.545225504746273509e+04,1.165949071140981869e+04,2.022203584900897113e+04,6.317379112074679171e+01
3.498391906177403598e+03,2.848251625906564186e+03,7.854331461644395858e+03,2.703936303854859489e+03,2.121274996920119447e+05,2.032120469356173999e+04,1.413311447841785150e+06,0.000000000000000000e+00,6.035489381435400574e+05,9.911715547884601847e+02,2.641801878195431782e+05,7.232890791089951526e+05,4.524798414421858615e+04,3.419666152308303572e+04,3.628088150925086666e+04,2.026341234575576527e+04,6.274884456699690782e+04,6.147878472222200799e+03,1.201952231479784132e+04,1.897264960692056411e+04,3.622173617674841921e+02,4.728400280961418503e+03,3.487784601899197241e+03,4.532780132378261442e+03,2.852802549698944131e+04,9.096468136532091012e+04,5.995327533803148981e+03,7.358390138408284997e+01,3.448661816564861510e+03,1.061317598005653272e+05,7.011884009758554384e+03,4.682706583402404794e+04,1.014419245244707236e+04,2.670951034531454411e+02,1.166956809937724529e+03,1.057331613704433548e+05,2.445738816910760070e+05,3.010123329843106330e+05,1.876807710633086572e+03,1.546201237217520941e+02,5.364791818845867510e+01,1.067603440470800535e+02,2.260768108896454009e+02,1.001874092333032895e+05,4.272487143503850575e+02,3.499437068223651033e+06,6.764869606958460063e+06,4.395267016952417907e+05,1.197897472726655366e+02,2.032984796586744096e+02,9.296517888928444506e+01,1.787889350569407725e+02,1.053271041311583076e+02,9.552000414057246758e+01,4.100998520710059836e+01,8.668704474505724988e+01,3.079430529300570996e+01,2.641146183838060892e+02,1.354434821076408298e+04,6.156937500000005770e+01,6.640808629104579950e+02,2.010215318869162218e+02,1.035509759999999204e+02,4.203025196788107678e+02,2.348781471653670451e+04,1.207448131358023602e+04,1.177295918367346372e+00,2.417048676748581215e+01,2.244443417159764920e+01,1.741318558673470207e+01,1.338169887769370519e+02,1.380942975206611436e+02,3.327032136105859683e-01,2.492214532871974697e+00,2.185473700795658442e+04,2.505524987758800125e+04,4.424394540123271872e+04,3.042232674292225738e+02
1.511453877551014330e+03,9.129124559500702389e+02,1.028871809283754919e+04,1.879141686173376684e+03,7.788489455649582669e+04,1.026953824470124528e+04,2.871759242989548366e+05,6.035489381435400574e+05,0.000000000000000000e+00,2.190979119072809117e+05,1.460031417353414581e+05,3.222015533332295599e+05,1.250732376757403545e+05,1.409211931817361619e+05,7.999637733215017943e+04,3.400901655740816932e+04,6.174720187240344967e+04,1.552528938925062721e+04,8.616148742140358081e+03,2.089793946658081404e+04,7.269166719704181787e+02,2.550627089135104143e+03,1.536545355349171359e+03,1.807741604444951008e+03,2.112713979980101794e+04,2.665247875549355522e+05,2.068619338231292932e+04,1.471702958510214216e+02,5.789805214904708009e+03,1.239323132371883257e+05,1.824630536297245271e+04,4.258152396159825003e+04,6.676078761609112007e+03,1.532663834989265069e+03,1.072109520214929717e+03,1.788764663096614186e+03,1.529247711860203708e+05,3.707590742120599025e+05,2.607866128485610825e+05,6.574059171597633622e+01,3.890362879238554683e+01,6.336269239474867021e+01,1.761263754390728593e+02,2.564334193838293686e+03,1.758757596456329111e+03,5.338253495958272833e+04,1.426078287412891630e+06,3.130318171629196964e+06,1.782674912872674395e+04,2.034015842603446629e+02,2.839216946676407360e+02,7.553215368596411281e+02,1.050377502962022163e+03,2.580529882680540936e+02,3.065632653061226875e+01,1.393511915931695988e+01,1.558331304277250418e+01,2.122838563327036638e+02,5.090766259266203633e+03,2.669121390206992146e+02,7.936566162109375000e+01,3.426240833244765582e+01,2.497540093967390362e+02,2.304905642978995104e+02,3.516148943993059220e+05,3.882022958130542247e+04,2.227833195883679878e+02,2.118263766411914162e+02,2.753305509387506618e+02,4.506949414314002524e+02,3.701628582249722399e+01,3.048401442307692264e+02,2.494749999999999446e+01,1.000000000000000000e+00,1.631062226821527020e+03,5.948269513608159286e+03,6.711401654196276468e+03,8.237350183606657083e+03
3.511020037807185759e+02,7.528371598639466811e+02,5.912148793035215277e+01,1.081987603305784091e+02,4.282928193688932765e+02,8.679480027548220278e+02,5.695341863646623324e+02,9.911715547884601847e+02,2.190979119072809117e+05,0.000000000000000000e+00,8.206294703217445203e+03,5.306312013115488298e+03,1.829804291851034577e+04,2.787837495636359381e+04,1.284068703600001027e+04,7.128227389480632610e+02,6.965762925826398941e+02,1.070872791870713030e+02,1.636962595234964965e+03,1.617674259317882388e+04,5.687566623286785216e+03,3.364702712382857612e+02,1.316875819648144272e+02,2.399771801839361842e+02,1.041599253680092716e+03,4.206337810569714202e+04,2.336656961294702796e+03,1.338784374999999955e+03,7.320409764588457620e+02,4.958089049609036010e+03,2.745202865235494755e+04,2.467753270506538001e+02,2.257929483104310364e+01,2.162140589569160198e+01,3.377499999999997726e+00,6.848135332564407207e+00,5.178234631027422665e+02,2.539435295994004349e+01,2.973448194377930486e+05,8.375000000000000000e+00,6.937500000000000000e+00,1.614617283950616411e+01,2.168729971327375665e+02,5.468237367544371637e+02,1.788092458677691411e+03,7.663241977942961967e+02,3.663112148018441530e+03,7.840976996849781135e+05,5.464172980650934187e+04,1.976672262396692759e+02,5.426538085937500000e+01,1.278974178300377247e+02,2.024217759999996815e+02,9.529812921029143524e+01,3.820273755207298727e+00,1.159769126301493287e+02,1.152190373174688887e+01,1.074641593634853791e+02,2.783224806777640879e+03,1.095674392356586623e+03,4.011982222222228245e+01,1.122450061310867540e+02,2.548996407566997107e+02,6.477384681650875109e+01,1.015511403427631449e+05,4.015561712249624634e+03,2.837049373199726574e+02,1.307246519290043523e+02,1.306892475136046130e+02,5.878255729448338798e+02,1.573668912670102600e+02,3.427555026769775282e+02,8.901224489795920363e+02,0.000000000000000000e+00,7.650156087408950611e+01,2.679652425676153143e+03,3.340090719809638244e+02,5.195582029738290657e+03
9.213684773301793030e+04,9.036896682296051586e+04,5.000644681635882444e+04,5.658773832960246364e+04,5.650131345975727891e+04,1.352562118154473428e+05,3.044787461916342145e+05,2.641801878195431782e+05,1.460031417353414581e+05,8.206294703217445203e+03,0.000000000000000000e+00,1.740781022682894487e+06,9.555425776692562795e+04,8.275366214821219910e+04,6.804439267601106258e+04,4.364491416339925308e+03,2.491901695484974698e+04,1.428324474819380885e+04,3.187870870318321863e+02,3.063225088183438857e+03,2.604010785377594857e+03,3.100191979009794636e+02,1.071658050139070383e+03,3.313230583641527573e+03,1.418438425752794274e+03,7.666097370146731919e+03,5.669894324525309912e+02,4.254907304659967849e+03,6.414343039665288870e+02,5.854267334320278678e+03,4.494769163561985479e+05,1.778581744145906487e+04,1.875756155839288840e+04,2.206436108480682833e+03,1.050600460566247639e+05,6.396027425102081179e+04,5.869968411800395697e+05,1.875764745160247185e+04,1.818849453025723342e+05,4.910940138862827808e+01,8.676934730463322865e+01,1.345735746691870418e+03,1.488677002936958615e+02,6.095866161641278268e+03,7.217477479272957908e+02,3.874260610736992021e+03,9.915279421433264133e+02,5.834631687917445788e+02,8.562842399691353990e+01,4.989098292378179167e+01,1.387360654540140672e+02,2.334823791935979784e+02,1.170472165197439693e+02,4.705050914844415644e+01,8.452806122448976112e+00,3.706371191135733767e+00,4.325286160249738998e+01,1.819643698746350324e+01,3.843012326388883366e+02,9.521078722982309728e+01,2.065734681737062317e+01,2.640581717451521815e+00,3.862557267805085015e+00,4.508998441828252624e+01,8.026755751832249075e+01,3.396538669551109280e+01,4.537722908093281049e+00,8.804283164782864546e-01,1.292042516518241158e+01,1.848628257887516568e+01,2.353438090737240174e+01,5.874526771227695576e+01,5.439999999999999503e+00,2.000000000000000000e+00,4.071722164412070555e+01,1.144273219491877747e+01,1.068944708680142810e+02,5.425494450988885120e+01
3.373454267326475237e+05,3.050296876504436950e+05,1.272795691883286636e+05,2.256195003691455058e+05,3.190458871275397541e+04,5.010024541873891721e+05,7.317037461603253614e+05,7.232890791089951526e+05,3.222015533332295599e+05,5.306312013115488298e+03,1.740781022682894487e+06,0.000000000000000000e+00,3.457377079886768479e+05,3.477064903664399753e+05,2.604477797068804794e+05,4.159128345189724314e+03,4.757122728621432907e+04,1.773334307026727183e+05,1.462359762374560205e+03,4.515905339448889208e+03,1.446923145527743827e+03,1.119490963267793177e+03,4.092752163691224609e+02,2.305444755138673372e+03,5.634355144618752092e+03,3.371357940939038963e+04,3.812183222851253959e+03,2.084667898511074327e+03,7.765447658402204070e+02,1.313388516923627321e+04,3.953334084589861450e+05,6.294828884506225586e+04,7.765498870589971193e+04,1.852477996120161333e+04,1.608708969407717232e+05,3.124929113850985595e+04,7.943777399119234178e+05,4.228991761245312227e+04,1.271806143455782294e+05,6.890697674418605345e+01,1.554395198522622934e+02,3.348083598710936712e+03,2.511025304477884106e+02,1.136685694915251406e+04,1.173360413355690525e+03,2.028987489050103977e+04,4.324128888695659953e+03,2.572753947210395609e+02,8.984589754269057593e+00,4.289985368329898279e+02,6.155010230873705268e+02,2.732753508266058020e+02,1.905204267921621124e+02,1.573144351961954044e+02,6.643982356647757825e+00,8.590136054421765976e+00,1.316615484429066214e+02,7.046318988334500943e+01,2.218368300823325626e+03,9.135802469135803072e-01,6.279462820350973828e+01,1.656571252693136032e+01,1.489988637798258608e+01,2.673654227510372152e+02,2.108537907276654551e+02,4.414998865784498889e+02,1.614940828402366435e+01,1.212413646508660037e+01,2.060348455517221851e+02,2.584963300932357910e+01,1.614347404844289997e+02,1.499038519319751970e+02,5.041551246537396835e+00,3.596938775510202912e+00,5.482429834678969627e+01,1.576608187134503680e+01,3.257500671862406421e+02,2.201091252251995627e+02
1.624841597796141173e+02,6.551608977825851809e+01,1.654206117821277076e+02,4.511619840443976415e+01,3.903071403376180228e+02,4.472752417654860437e+03,1.925840601658957530e+04,4.524798414421858615e+04,1.250732376757403545e+05,1.829804291851034577e+04,9.555425776692562795e+04,3.457377079886768479e+05,0.000000000000000000e+00,1.884824115639396710e+06,7.200334193084667204e+05,2.049931555201564606e+03,1.556257096741228634e+04,2.908034794754745235e+04,1.145423709223138030e+04,1.176079387387514998e+03,1.400984910589609399e+03,4.999036108970642090e+03,3.428014245737968395e+03,1.775174064519512103e+04,2.730296444000001429e+03,7.015082668246504909e+03,1.130184891500335652e+03,3.343079451327812876e+03,1.986135437284529326e+04,8.061490468421531841e+04,6.203526107742629392e+04,9.267955391400473673e+02,8.806016590653736387e+01,1.179716854659765772e+02,9.240707369553510375e+01,2.222637211407881921e+02,6.747962369363488688e+04,1.007956925624968608e+04,4.375886736617444694e+04,7.073437500000000000e+01,6.805555555555554470e+00,3.717159763313610199e+01,4.999451303155007764e+01,2.884017253210471381e+02,3.595569972299169876e+03,9.286946718290514582e+02,7.311026577513092661e+02,9.570825564210286984e+02,1.529242346938775654e+02,1.322622922437672912e+02,3.650441694729419737e+02,4.031800997918142821e+04,2.084696116824451019e+04,1.685187125965899395e+04,2.952213017751475732e+01,2.246499173553722244e+02,6.705375885769085187e+01,4.381107441170856873e+02,1.982315514441072821e+02,6.297441998810232811e+00,5.089754991617145947e+02,6.112266746365240806e+02,3.923571200358374540e+02,6.913610760776538200e+02,1.970931463577423699e+02,1.237404841122067722e+02,5.362931610603699539e+01,1.292307382212147502e+02,1.352629682496813757e+03,1.080640701931578178e+02,3.939338775510207142e+02,2.905325443786982476e+01,0.000000000000000000e+00,0.000000000000000000e+00,0.000000000000000000e+00,1.525421487603306048e+01,9.768163265306128551e+00,4.366099555555553593e+02
2.054419296734275520e+02,5.492032541322313932e+01,8.827794214332662648e+01,8.962967687074824141e+01,6.877143071633425961e+02,7.058552866111210278e+03,1.269983358689868874e+04,3.419666152308303572e+04,1.409211931817361619e+05,2.787837495636359381e+04,8.275366214821219910e+04,3.477064903664399753e+05,1.884824115639396710e+06,0.000000000000000000e+00,1.729548741584887030e+06,4.937664864201428827e+03,2.543838869324851839e+04,4.494104914686980919e+04,2.103995222441380611e+04,1.118018784754106719e+03,5.956944569200458091e+02,3.785264881368680562e+03,1.546510074661055796e+03,1.315656980056977773e+04,3.462909198338255919e+03,7.695177379668654794e+03,6.590306000000008453e+02,1.591314269064844211e+03,2.303207647665198601e+04,1.667516356216444110e+05,1.142679400077018654e+05,1.400653923144875262e+04,6.507042973241206596e+01,4.296103886754995074e+02,4.584065405017403094e+01,1.875946691176470722e+02,5.797063051805605937e+04,1.002026374768089590e+04,5.612026578231293388e+04,1.199999999999999956e+00,1.500000000000000000e+00,1.180000000000000071e+01,1.511555555555554520e+01,2.208981717451526094e+02,1.718738801680887264e+03,6.191386334955849406e+02,7.892648914930547335e+02,5.653313689404029674e+02,1.044738022752765687e+02,8.117196402483565407e+02,5.453386320267503606e+02,2.526505146873810008e+04,2.007345281288299884e+04,1.351569396913456876e+04,3.121867028061223692e+01,4.884019490148999409e+01,2.327986698616070100e+02,8.367372057755554806e+02,3.353276595744681003e+02,3.616000000000000369e+01,3.365746002777227659e+02,2.414005855411579375e+02,3.118658580607911404e+02,1.823749237661846792e+03,1.175224656563082419e+02,1.926444117752520526e+02,1.808866117175318777e+01,8.228512921712845696e+01,8.139980044894755338e+02,1.191877950826015393e+02,2.783400706801414799e+02,3.283950617283950546e+00,6.400000000000000133e-01,0.000000000000000000e+00,1.562130177514793106e+00,8.543359375000000000e+01,2.558858501783588313e+00,2.049397580246926225e+02
2.472679597701149419e+02,7.364121591351400866e+02,9.739540467996455391e+02,4.843516622077982561e+02,2.761129967097038389e+04,5.068839300564842997e+05,3.013837570636097735e+04,3.628088150925086666e+04,7.999637733215017943e+04,1.284068703600001027e+04,6.804439267601106258e+04,2.604477797068804794e+05,7.200334193084667204e+05,1.729548741584887030e+06,0.000000000000000000e+00,1.238801046613686958e+04,4.782942038004525239e+04,3.541691307231452665e+05,6.228343430653963878e+04,9.406193234251841204e+02,6.052847184342856508e+02,2.195447122633383333e+04,5.401689673128254071e+03,4.742530513551022159e+04,5.375669507552702271e+04,4.257222982190151015e+03,3.327908163265307167e+02,2.166074064979592549e+03,1.634332318749217957e+05,8.535123944195989752e+05,1.191540872882524127e+05,4.086252396003282629e+05,3.008465993658528078e+03,3.092893775567978810e+04,4.602076493824757222e+02,4.047776181812363916e+02,3.366967471761783236e+04,6.709180650666589827e+03,3.265404395795405799e+04,2.213446712018141511e+02,1.740041322314050376e+02,8.624675500270417672e+01,1.370532185650145323e+02,2.915370880522394827e+02,1.880386150087799251e+04,6.362815089911762243e+02,4.229497795013846826e+02,2.056701652892560617e+02,1.699034760126401693e+02,8.009777443689759480e+01,2.384171746853208731e+02,6.529433486942930358e+03,3.179037745061839814e+03,2.735780688537353490e+04,7.423657830251731582e+01,4.803879237645470823e+01,4.368801018003580907e+02,5.148198078041074268e+02,1.718685992428337386e+02,1.366439909297053035e+01,1.498402886669128975e+03,4.712992135172348185e+02,2.893355784878152690e+02,1.825683823062383908e+03,8.298942422138435404e+01,5.399209876543208964e+01,5.469138056975888063e+00,1.840074727535650538e+02,6.147692288184563267e+02,2.127645190086109039e+01,1.383729266387361349e+03,8.217365916955030514e+01,2.986767485822307000e-01,6.400000000000000133e-01,1.854671280276816603e+00,5.590719809637118232e+00,3.119822485207101259e+00,5.298807346441088839e+01
6.269250891795483085e+02,4.036455111111108636e+02,3.601812394445486007e+03,6.103213957759407293e+01,5.287583164966014010e+04,3.643587128027674680e+03,3.068047939267463153e+04,2.026341234575576527e+04,3.400901655740816932e+04,7.128227389480632610e+02,4.364491416339925308e+03,4.159128345189724314e+03,2.049931555201564606e+03,4.937664864201428827e+03,1.238801046613686958e+04,0.000000000000000000e+00,1.781106512934148195e+05,1.707988329279435857e+04,2.709584960344507749e+02,5.663884347890463999e+01,4.398325927208345831e+01,1.830942088203191247e+02,1.636901466503477707e+02,2.785429642466698624e+03,1.856315124040236469e+03,8.174981095797707553e+01,5.547710000000013508e+01,4.030144978086223659e+02,7.404199004517451976e+04,3.193678705872694263e+05,2.274246811921618355e+05,1.706005466037330189e+04,3.320441497526025341e+04,1.115461189313415105e+02,1.375080248381557908e+02,2.057134217823873041e+04,3.312356758894272207e+04,3.746083315748184395e+04,4.100131740309910128e+03,1.230718112244898748e+03,1.766735493058027089e+02,9.076388888888887507e+00,1.041039075578150459e+03,5.438222222222223223e+01,4.775541229896779441e+03,3.513531775018261527e+01,2.164937499999999915e+01,3.287884521484375000e+01,4.946677236094595287e+01,8.222726127488036241e+01,4.234610578925450852e+01,1.401431905383488363e+01,2.072254784266649352e+01,1.257907253269918968e+01,9.365504535147385567e+00,1.045037807183363832e+01,1.690432098765433011e+01,1.564643050297457272e+01,1.298036882807851677e+00,5.980975029726515402e+00,2.215506172839505794e+01,1.119305555555555465e+01,3.252176926313718752e+01,2.434278977129640111e+02,3.375645088275238237e+01,3.560874089490114081e+00,8.492563950029740738e+00,1.234781570067783640e+01,2.775122723031363492e+01,8.773084379145016953e+01,9.067125509275740569e+01,1.021477487831260191e+02,2.222222222222222376e-01,0.000000000000000000e+00,1.220000000000000000e+02,1.705619834710743703e+02,1.503999999999999737e+01,3.822379543533387647e+01
2.834555320330910945e+03,7.341299091255050371e+02,1.374677521092553434e+04,1.124711493654230168e+02,1.432006570528501761e+05,1.207651836796286079e+04,5.691852924345803331e+04,6.274884456699690782e+04,6.174720187240344967e+04,6.965762925826398941e+02,2.491901695484974698e+04,4.757122728621432907e+04,1.556257096741228634e+04,2.543838869324851839e+04,4.782942038004525239e+04,1.781106512934148195e+05,0.000000000000000000e+00,5.599750273852390237e+05,3.331412064326762561e+02,4.046756029530390464e+01,3.007999433166834180e+01,4.497869598765434063e+01,2.275141799907374818e+01,2.957694810331855706e+02,1.649284748158143884e+03,3.242138956822391265e+02,2.594674012855831435e+01,3.645548909218847911e+01,2.700228614666727481e+03,2.489277184763108380e+05,1.428984371393091278e+05,1.988056551290614880e+05,4.285044217083377298e+05,1.702742711621664284e+03,6.731285010746049693e+02,7.149082569026947021e+04,9.766973256805782148e+04,1.055848271883320995e+05,1.048627988402636947e+04,6.845975000000000819e+02,1.752190373174688887e+02,2.168541666666666572e+02,1.605468224981738786e+03,5.552906122448976021e+02,4.511708346470875767e+03,3.913707709521020206e+02,1.333508960370851071e+02,3.126920765532541324e+01,7.314208984375000000e+00,7.089253826530604385e+01,8.855818540433934061e+01,1.948341611921165395e+01,3.148231404958677615e+01,7.153499483471070164e+01,1.162885802469135577e+01,1.836102994886779172e+01,5.595619806094189386e+01,1.959743992271464208e+02,2.355982222222220202e+01,5.751479289940828465e+00,6.916437098255284077e+00,3.173913043478260754e+00,1.438315883270216489e+01,2.618019950617286895e+02,5.712381139104006245e+00,2.618749999999999645e+01,1.326530612244897966e+01,9.683418435904327382e+00,1.162171745152356408e+02,4.013964843750000000e+01,9.974922839506173489e+01,6.055428349607327618e+02,8.999999999999999667e-02,5.555555555555556246e+00,1.638400000000000318e+02,4.390532544378697111e+00,1.316187500000000000e+03,3.210692804633546871e+01
2.742001227613496212e+03,6.227120326507087157e+03,1.717865704104769748e+03,7.609831959198500044e+02,1.618463112299651402e+04,1.435150217826987791e+05,3.641237628744539961e+03,6.147878472222200799e+03,1.552528938925062721e+04,1.070872791870713030e+02,1.428324474819380885e+04,1.773334307026727183e+05,2.908034794754745235e+04,4.494104914686980919e+04,3.541691307231452665e+05,1.707988329279435857e+04,5.599750273852390237e+05,0.000000000000000000e+00,1.739617277358591082e+03,4.871916308072894708e+01,1.541052484156718627e+01,1.260629776000003858e+03,6.953212470343911491e+02,4.972127644634084390e+03,7.642849406790378453e+03,2.856949293005679351e+02,8.046400000000003772e+00,7.886123792569837576e+01,2.350066753741496086e+03,6.637569006925451686e+04,4.326312131467190920e+05,2.951139446270726621e+05,4.014049582029004232e+05,3.898105478328551981e+05,2.858116947824196905e+04,2.502185427231488575e+04,5.344940170940189273e+04,2.643582156350467267e+04,6.558196534684546350e+03,5.814977905900175301e+02,2.498586835180055914e+03,1.628260265820274071e+03,6.184281517840695415e+03,8.292232796807164164e+01,7.661340081412979089e+03,5.750504427347944159e+01,6.978698918429327591e+01,6.617863130620349921e+01,1.218858131487889240e+00,1.714256621577233091e+02,3.984894443743069132e+02,4.983446562933743706e+01,9.380952380952381375e+00,9.638354931781518644e+02,4.054804421768707101e+01,4.597279200765223095e+01,5.196770380918475212e+02,5.026421511318967816e+01,5.150525689347351488e+01,2.224852071005916976e+00,1.876251278305335859e+02,8.144352862552903360e+00,3.590963139120094461e+00,6.421787872775590813e+02,4.650079959599364798e+01,1.649000000000000199e+01,1.615976331360948848e+01,1.117074792243766979e+01,1.655104166666666643e+01,7.901744643435631588e+01,6.418702615941536749e+01,1.605812978722009802e+03,7.154244001810771181e+01,1.941868512110726996e+01,7.157024793388429451e+00,6.989969135802469147e+00,2.208899999999999579e+02,5.652783480256012183e+01
2.723436708805198577e+03,3.073741813759983870e+03,1.049227689266204834e+04,3.876176535147392133e+04,5.344432818794957711e+02,2.179711145382125324e+04,5.395036224623429916e+03,1.201952231479784132e+04,8.616148742140358081e+03,1.636962595234964965e+03,3.187870870318321863e+02,1.462359762374560205e+03,1.145423709223138030e+04,2.103995222441380611e+04,6.228343430653963878e+04,2.709584960344507749e+02,3.331412064326762561e+02,1.739617277358591082e+03,0.000000000000000000e+00,9.098017053072256385e+04,6.707332427454744902e+03,7.618433132847947127e+04,6.436361786745958671e+04,9.063786982248515415e+04,9.477347253674890089e+04,9.564999819445903995e+04,3.846008303556909232e+04,5.320630736881314533e+02,1.331797615279095044e+04,1.479388464379348625e+04,1.218024381973255458e+03,3.479733112458793585e+03,9.180764743914110113e+02,1.596796378725120348e+03,1.158249615328781488e+02,1.258288704216682561e+02,2.180276787389752258e+02,3.455187487193498441e+01,7.938197009112890328e+02,8.537872249973444241e+02,1.407663416955012053e+03,2.429782698373897074e+04,1.363253868142803913e+04,6.692354246155642841e+02,5.981878806444038673e+03,1.093767074078009216e+02,8.567186268019844420e+01,1.909850159542654922e+02,3.541041617122469631e+01,7.220990288981137439e+01,1.271287499999999966e+02,2.153460195905065575e+03,1.504777297959180942e+03,2.216220348801287855e+03,4.598437500000000000e+01,1.123765432098765338e+01,6.878830716623924957e+01,1.672679849625554561e+04,5.874163417737092914e+02,9.562483203439940738e+00,1.878778146336093187e+03,2.234828695467085424e+02,4.091981657307747611e+01,5.506840423052259212e+03,5.052881668056180615e+02,4.595055092717011291e+01,2.753580246913581053e+00,1.887798914372343972e+01,8.775364176171584063e+01,4.790079506348644323e+00,1.031484650746371443e+02,4.205967641652244424e+02,5.587864366448536657e+01,8.745866974240675162e+00,5.059171597633134354e+01,1.041635160680529104e+01,2.588842975206611996e+00,2.826198445675590065e+01
8.906369000301496044e+02,2.628855140186915946e+02,8.158953392234969215e+03,1.881959299027749921e+03,1.976589510546901511e+04,4.819560117242688648e+03,1.351725854678308860e+04,1.897264960692056411e+04,2.089793946658081404e+04,1.617674259317882388e+04,3.063225088183438857e+03,4.515905339448889208e+03,1.176079387387514998e+03,1.118018784754106719e+03,9.406193234251841204e+02,5.663884347890463999e+01,4.046756029530390464e+01,4.871916308072894708e+01,9.098017053072256385e+04,0.000000000000000000e+00,7.220413161328963179e+04,1.663546118287833087e+04,3.271585994117088831e+03,3.001900175506592859e+03,1.682234959853319160e+05,5.820573781399670988e+05,3.552689974287727382e+05,3.397016341566631468e+02,4.582699506939378011e+02,5.060533420625986309e+02,1.958517547738847952e+03,6.823752062862425305e+01,4.333554786620540256e+01,9.116150163769225045e+00,8.316471677468223334e+01,5.539582650260649643e+03,2.013300004076874302e+03,4.797616865876227052e+02,1.407499537251230140e+04,1.155971068020929096e+02,6.429937499999999773e+01,2.396590215229035039e+03,9.633192111029961779e+01,5.939569577808262693e+03,2.235147117312356215e+02,5.014813855896114546e+03,3.375893830535606867e+03,3.693689661565858387e+03,2.192238994282042484e+02,1.886169494459835278e+03,2.292455621301774499e+03,5.758323721645518134e+01,3.660763235689326223e+01,1.140600274348420555e+02,4.909090909090909349e+01,4.574394463667820432e+00,6.153600000000003512e+00,1.196022738304364339e+03,7.165944897981565191e+03,2.482868170066070661e+02,2.364270624480417951e+02,1.013313580246913403e+02,1.296124697661918788e+02,6.354729364836869081e+02,2.907759900482204102e+03,1.078339796659495960e+03,3.040816326530611491e+01,2.074556213017752171e+01,5.061728395061728669e+00,3.189072315558800952e+01,6.629333333333333655e+01,3.168144044321331165e+01,1.080555555555555536e+01,2.656961591220848717e+01,9.484256172839505439e+01,9.800640000000004193e+01,1.287983896683675766e+02,1.502192685409976605e+02
